4294967278,51
4294967278,301
4294967278,54
4294967278,53
4294967278,52
4294967278,168
4294967279,307
4294967278,55
4294967279,168
4294967279,167
4294967279,165
4294967278,59
4294967278,58
4294967278,57
4294967278,56
4294967278,260
4294967279,164
4294967279,162
4294967278,517
4294967279,161
4294967279,160
4294967279,437
4294967279,155
4294967279,154
4294967279,152
4294967279,151
4294967279,299
4294967279,149
4294967279,148
4294967278,61
4294967278,60
4294967279,147
4294967279,432
4294967279,414
4294967279,413
4294967279,140
4294967279,139
4294967279,83
4294967279,82
4294967279,81
4294967279,78
4294967279,77
4294967279,260
4294967279,411
4294967279,135
4294967279,134
4294967279,289
4294967279,273
4294967279,409
4294967279,271
4294967279,293
4294967279,75
4294967279,73
4294967279,72
4294967279,71
4294967279,70
4294967279,68
4294967279,269
4294967278,516
4294967279,275
4294967279,286
4294967279,291
4294967279,284
4294967279,264
4294967279,431
4294967279,282
4294967279,430
4294967279,64
4294967279,280
4294967278,346
4294967279,281
4294967278,362
4294967279,447
4294967278,255
4294967278,361
4294967278,360
4294967279,61
4294967279,59
4294967278,254
4294967278,359
4294967278,383
4294967278,339
4294967278,358
4294967278,251
14,2
14,5
4294967278,249
4294967279,57
4294967279,56
4294967279,55
4294967279,54
4294967278,338
4294967278,337
4294967278,246
4294967294,471
4294967279,53
4294967279,51
4294967278,244
4294967278,242
4294967278,240
4294967278,357
20,4
4294967278,237
4294967279,49
4294967279,48
4294967279,46
4294967279,45
4294967279,44
4294967279,43
4294967279,42
4294967279,40
4294967279,38
4294967279,37
4294967279,35
4294967279,34
4294967279,33
4294967279,32
4294967279,30
4294967279,29
4294967279,27
4294967279,26
4294967279,25
4294967279,23
4294967279,22
4294967279,20
4294967279,19
4294967279,15
4294967279,14
4294967279,13
4294967279,12
4294967279,11
4294967279,10
4294967278,235
12,4
4294967278,233
4294967278,231
21,2
4294967278,229
4294967278,227
20,1
4294967278,223
11,2
4294967278,221
4294967294,1082
4294967294,1064
4294967294,9
4294967294,107
4294967294,89
4294967294,182
4294967294,1079
4294967294,437
4294967294,390
4294967294,115
4294967294,425
4294967294,120
4294967294,387
4294967294,388
4294967294,46
4294967294,99
4294967294,41
4294967294,1239
4294967294,90
4294967294,86
4294967294,85
4294967294,419
4294967294,1486
4294967294,1241
4294967294,1076
4294967294,53
4294967294,45
4294967294,44
21,3
4294967278,218
4294967278,216
4294967294,43
4294967294,418
4294967294,472
4294967294,1083
4294967294,1166
4294967294,81
4294967294,18
4294967294,1163
4294967294,82
4294967294,1243
4294967294,92
4294967294,88
21,4
14,4
4294967278,132
4294967278,131
4294967278,130
4294967278,129
4294967278,128
4294967278,127
4294967278,126
4294967278,125
4294967278,124
4294967278,123
4294967278,122
4294967278,121
4294967278,120
4294967278,119
4294967278,118
4294967278,117
4294967278,116
4294967278,115
4294967278,114
4294967278,113
4294967278,112
4294967278,111
4294967278,110
4294967278,109
4294967278,108
4294967278,107
4294967278,106
4294967278,105
4294967278,104
4294967278,103
4294967278,102
4294967278,101
4294967278,99
4294967278,98
4294967278,97
4294967278,96
4294967278,92
4294967278,90
4294967278,0
4294967278,87
4294967278,86
4294967278,85
4294967278,82
4294967278,81
4294967278,80
4294967278,79
4294967278,78
4294967278,77
4294967278,76
4294967278,75
4294967278,74
4294967278,73
4294967278,72
4294967278,71
4294967278,355
4294967278,70
4294967278,69
4294967278,309
4294967278,68
4294967278,354
4294967278,67
4294967278,353
4294967278,66
4294967278,65
4294967278,378
4294967278,64
4294967278,63
4294967278,62
4294967279,84
4294967279,80
4294967279,79
4294967279,76
4294967279,69
4294967279,67
4294967279,66
4294967279,65
4294967279,312
4294967279,63
4294967279,62
4294967279,60
4294967279,420
4294967279,308
4294967279,58
4294967279,440
4294967279,52
4294967279,50
4294967279,47
4294967279,436
4294967279,41
4294967279,39
4294967279,36
4294967279,0
4294967279,410
4294967279,416
4294967279,296
4294967279,415
4294967279,31
4294967279,28
4294967279,24
4294967279,21
4294967279,18
4294967279,17
4294967279,16
4294967279,9
4294967279,8
4294967279,7
4294967279,6
4294967279,5
4294967279,4
4294967278,214
4294967278,213
4294967278,100
4294967278,334
4294967294,175
4294967294,180
4294967294,183
4294967294,176
4294967294,106
4294967294,166
4294967294,24
4294967294,384
4294967294,1242
12,1
4294967294,30
4294967294,61
4294967294,426
4294967294,12
12,5
14,6
20,5
17,5
19,5
4294967294,14
4294967294,126
